"V1","V2","V3","V4","V5","V6","V7","V8","V9","V10","V11","V12","V13","V14","V15","V16","V17","V18","V19","V20"
0.99864487004586,8.6649342145874e-05,5.20885286548944e-06,3.15986738725135e-05,0.000153842911757473,5.68411095843302e-06,0.000832744938420363,1.29712231723206e-06,3.37267545649833e-05,1.73987343462367e-05,1.45316250637761e-05,5.90164982918725e-07,3.9104555999431e-07,4.0856027294187e-06,2.49038842773743e-06,4.33191334015386e-07,1.85688996829945e-05,3.82984217783376e-07,1.24211845903707e-05,0.000133083426302215
0.000423897968822867,0.986162183455982,1.45101489708031e-05,0.00985612040312051,0.000172888638480486,4.33142613902822e-05,0.000328685171708634,3.62836345595106e-06,3.07550847948477e-05,0.000646363497614463,0.00115760125382289,1.96602862072747e-06,1.36313718240843e-06,1.17430557179585e-05,6.46216656045308e-06,1.40725773266467e-06,3.66647233194853e-05,1.34846127192165e-06,2.4581668313185e-05,0.00107451525311783
2.0204177211282e-05,6.80724740282868e-06,0.839149153288558,2.73143086289846e-06,0.000127566383519288,1.18040118430797e-06,2.87964441032114e-05,1.83412790127675e-05,0.000452366725185506,1.74081790470176e-06,1.72072184778603e-06,4.71267598200173e-06,2.2547307320938e-06,0.151528422414063,0.000778212263775543,2.00337074338174e-06,0.00214435441813497,2.14218613267038e-06,0.00571097238067751,1.63166429661731e-05
0.000262404687509621,0.00464544673846163,6.57077242897519e-06,0.946398995212062,5.57308836923558e-05,6.29206664381713e-05,0.000125423955486747,2.34310861127955e-06,1.44375726541194e-05,0.00477971423861006,0.0434445462917949,1.37033759900929e-06,9.93434920046482e-07,5.57744834346478e-06,3.48724658126659e-06,1.03308335110032e-06,1.44417621875776e-05,9.74507470561719e-07,1.00965297512436e-05,0.000163491522045379
0.00120801340781177,9.76395855912504e-05,0.000118056735208858,2.44573988468838e-05,0.964910044767063,5.16697939026075e-06,0.0299808798717641,7.53856713733376e-06,0.000735594043659645,1.12298573348587e-05,1.17216724508862e-05,2.91695756872761e-06,1.74956804162473e-06,7.49905053431263e-05,2.68170625155068e-05,1.79528249945234e-06,0.00174851324544765,1.7533284594655e-06,0.000299150180762229,0.000731970983102904
2.35519549085903e-06,2.85062985387937e-06,1.49252207679427e-07,6.24835175022728e-06,5.30588250703765e-07,0.999950094970181,9.11551627545104e-07,9.58514052601774e-08,3.41289321065931e-07,2.57773352208244e-05,8.9716843693846e-06,6.54812459042303e-08,5.5357225195417e-08,1.32805011682235e-07,1.08673396728601e-07,6.40346800137397e-08,2.40574131598028e-07,5.26845945004114e-08,2.26180726363418e-07,7.27509310019329e-07
4.59762954291902e-06,4.98874381818229e-06,2.77520671888262e-07,1.0115888229676e-05,1.01477362660718e-06,0.999919988078418,1.76559642894069e-06,1.84048152992615e-07,6.60099580900726e-07,3.93317850222903e-05,1.39143732323607e-05,1.27002587230468e-07,1.08550546901694e-07,2.47213713522538e-07,2.04621904347378e-07,1.27006141208354e-07,4.5557644085066e-07,1.03482881942086e-07,4.25979686578704e-07,1.36202937266609e-06
2.1794370690475e-05,6.74257235132426e-06,0.929763123080887,2.67689857704249e-06,0.0001436267507681,1.20141250523096e-06,3.26423525018522e-05,1.94291612178313e-05,0.000604878791878926,1.74139564646303e-06,1.69280801505383e-06,4.94329786145334e-06,2.4137733078497e-06,0.0606198802202321,0.000670743736805858,2.19982804338665e-06,0.00261655607807513,2.28700299104546e-06,0.00546473865719233,1.66878104515113e-05
2.20097424720898e-05,6.79473279503798e-06,0.961082295237094,2.64356281452483e-06,0.000146443240494365,1.18292122645043e-06,3.22320177150585e-05,1.50836853091338e-05,0.000623633988499725,1.72237753955098e-06,1.66798528727558e-06,3.88667465263434e-06,1.91955117382029e-06,0.0241970918216701,0.000518708989700221,1.77864446318837e-06,0.00212983294312843,1.82991894657093e-06,0.0111925059316891,1.67360333283593e-05
0.000624576477913057,4.87791919572866e-05,9.68786293757208e-06,1.09054527669004e-05,0.0041263082981424,1.69704716709192e-06,0.994745132647731,1.18344191307419e-06,5.15969461355835e-05,4.56123970932917e-06,4.75152657154531e-06,5.06764729325241e-07,3.22640084126791e-07,6.73904087412223e-06,3.05894110013317e-06,3.40200219980122e-07,6.60043699629287e-05,3.21687601860254e-07,2.37280366466639e-05,0.000269798185836286
2.07502395419196e-05,7.67681100667179e-06,5.3392486018912e-05,5.09875210661094e-06,2.47923572491815e-05,3.74278438661442e-06,1.77932405036669e-05,0.673178747232561,8.08115732858417e-05,4.24996729535898e-06,3.82397743766932e-06,0.313242977497196,0.00665542710669956,8.77231146787301e-05,0.000436478511889498,0.00163269278530389,4.51538888925322e-05,0.0044273663782678,5.99970030400479e-05,1.13042926392526e-05
4.79584800534519e-06,1.52335195934399e-06,1.65381742592723e-05,9.23326004145829e-07,6.35905115878763e-06,6.53700002369975e-07,4.09305836275617e-06,0.997318692548579,2.8157075561227e-05,7.55291637498726e-07,6.7265021743869e-07,0.00194744283089357,0.00016844464228295,2.97349982830903e-05,0.00022619747494532,7.95888275811768e-05,1.32468603794142e-05,0.000129868665737753,1.98572677873298e-05,2.45435636263727e-06
0.000144335378587258,1.61342260592556e-05,0.000697624769928163,5.45044344691959e-06,0.00165163757360504,2.10894246113028e-06,0.000250578952777761,1.74947946769856e-05,0.988050302323784,3.38450784810774e-06,3.14743549068978e-06,4.64691266008582e-06,2.34651034287821e-06,0.000453978027842504,0.000142662350119445,2.32243787897355e-06,0.00624212265054083,2.26407655271062e-06,0.00224541042212537,6.2047263272088e-05
5.14679470299428e-05,0.000180561294360572,1.84825811746473e-06,0.00323156389600537,8.94668121394485e-06,0.000400780728009025,1.78534487399754e-05,9.79388366503568e-07,4.2338329478377e-06,0.974275677504256,0.0217973087835322,6.3900923663801e-07,5.11121165763411e-07,1.61844449848944e-06,1.20975731399588e-06,5.65875188801243e-07,3.28875598406246e-06,4.91304366462631e-07,2.84436223179187e-06,1.76096074348127e-05
2.83908263168745e-05,0.000228476582354177,1.00140326501311e-06,0.0307279082444554,5.55056485546961e-06,5.01569983769249e-05,1.13789537754367e-05,4.55885612404483e-07,2.15002561448787e-06,0.0773958474958396,0.891529998371007,2.89082250279521e-07,2.24938556433775e-07,8.62757267199198e-07,6.03997978058599e-07,2.43182220898131e-07,1.85946979976898e-06,2.18337277877133e-07,1.51744838838197e-06,1.28654347885594e-05
2.82484360425594e-05,0.000282155786596453,9.48330814962054e-07,0.102129191324262,5.92161893862297e-06,2.70667345150877e-05,1.23528678406792e-05,4.02081956105744e-07,1.99518558077779e-06,0.0081782439275919,0.889313829890595,2.49408310901369e-07,1.893155427665e-07,8.14701521246684e-07,5.48824277093469e-07,2.00560297260707e-07,1.84362170590798e-06,1.84389656009025e-07,1.41444703349634e-06,1.41985469204158e-05
0.000804151087249797,0.944169322119972,1.65905080676766e-05,0.0441999396538895,0.000168908198339566,0.000141327205928199,0.000403437553022149,5.16562928698791e-06,4.09425492648763e-05,0.00406893323287893,0.004993613118936,2.91942815486787e-06,2.1232792526262e-06,1.35113992655033e-05,8.31147518485672e-06,2.29389085710519e-06,3.83728371235135e-05,2.09917253035045e-06,2.98988009791724e-05,0.000888138859816547
7.06516677126944e-06,2.5061538829604e-06,2.10361019685736e-05,1.62171459463899e-06,8.85137950207089e-06,1.20514425323331e-06,6.12742036455717e-06,0.949502967117714,3.18722218627824e-05,1.36028481484668e-06,1.21577837242265e-06,0.0473120872956523,0.00145232371443557,3.55339862620427e-05,0.00021050908881363,0.000429431077529373,1.70761370949121e-05,0.000929448150532812,2.39546708545002e-05,3.80739472365686e-06
1.83102075158287e-06,7.34687746463131e-07,3.55645348829684e-06,5.19022389814091e-07,1.94680921707701e-06,4.30248015712287e-07,1.52197921603353e-06,0.00272981278089268,5.4636464520687e-06,4.58499960558174e-07,4.04583242031931e-07,0.978059393220596,0.0131532795130766,5.33684215932986e-06,2.10141851751635e-05,0.00111445398147051,3.17167535935217e-06,0.00489152372677637,4.14512041886817e-06,1.00200359517264e-06
2.14299329615029e-06,9.28984045191452e-07,3.11723835261861e-06,6.85259392445565e-07,2.07274862528517e-06,6.51489827001783e-07,1.77018502024021e-06,0.000243682900169877,4.9712400929973e-06,6.40849900236376e-07,5.50699342736772e-07,0.00540017099908043,0.599106659359575,4.26100126882329e-06,1.23469021011706e-05,0.077348857050602,3.05267426246774e-06,0.31785848532707,3.7739013366817e-06,1.178196638112e-06
3.65360741321954e-05,0.000154152518679907,1.21275402904934e-06,0.00435206339279022,6.2467184604191e-06,0.000139915640798347,1.27915433460178e-05,6.21784087071543e-07,2.76994078831717e-06,0.954807387831792,0.040466125246775,3.9847310060909e-07,3.13914606744628e-07,1.06089929916983e-06,7.81824229355177e-07,3.44513669822476e-07,2.18856499500827e-06,3.01613955449447e-07,1.87793433249387e-06,1.29088161332048e-05
7.17702994615724e-06,2.3842627798212e-06,0.970815320288344,9.67797095576428e-07,4.64245095819247e-05,4.27818625194397e-07,1.05508601602526e-05,6.47021872742791e-06,0.000162088835040018,6.24625163930083e-07,6.1536954791532e-07,1.67973113719129e-06,8.16102861124203e-07,0.0260021781305818,0.000237166880999054,7.30572085100307e-07,0.000723360725800908,7.73358758166712e-07,0.00197451761880505,5.72526395990684e-06
1.35355889461231e-05,4.44995816837167e-06,0.10587031218975,1.85225073145892e-06,8.68636030497607e-05,8.19600352951023e-07,2.04713599255626e-05,1.90207921258075e-05,0.000343675742983766,1.18831846577079e-06,1.17799589298261e-06,4.56052839105823e-06,2.11121590382877e-06,0.888873118388686,0.00108989460716124,1.83749618627043e-06,0.00155671235074579,2.00706859650668e-06,0.00209539464242178,1.09963015149546e-05
0.000164108894111156,0.997904326889953,3.36518402969952e-06,0.00105665654494979,4.31830715670386e-05,1.36499805814551e-05,9.80629789999291e-05,8.32849745708825e-07,8.37007071388754e-06,0.000165141605775212,0.000190326379995969,4.46023845666728e-07,3.15287356721702e-07,2.63360374635567e-06,1.50149459725775e-06,3.40259172710551e-07,8.48326236873051e-06,3.12079896513016e-07,6.55856835641682e-06,0.000331384970237142
4.20145675811452e-05,1.25285416916481e-05,0.0127491303767583,5.85385077904878e-06,0.000150354977129227,3.08160741803646e-06,5.03860745720008e-05,0.00039302090720202,0.00113512564777385,4.13032236919591e-06,3.9090965862903e-06,5.92931629135751e-05,2.22386007414012e-05,0.172269674039591,0.80831953870526,1.78174838379258e-05,0.00126931677479343,2.02118996088551e-05,0.00344507043615555,2.73029272376841e-05
1.09990984051998e-05,3.43014299818367e-06,0.035857793991163,1.48562955179225e-06,5.45080472093719e-05,6.80377783832999e-07,1.48360973066438e-05,2.48384271199653e-05,0.000313233619128409,9.8149510064365e-07,9.56604123298878e-07,5.26332459371148e-06,2.28986988365943e-06,0.958265700999992,0.00307964601780361,1.9400079975458e-06,0.000728058577234949,2.13838252937215e-06,0.00162317322460211,8.04606547253283e-06
6.89259325665571e-05,0.000836220427870185,2.01160574580969e-06,0.370131080160243,1.3310287244496e-05,6.01047621867295e-05,2.92457508105063e-05,8.45791563547063e-07,4.3552708983128e-06,0.0215768524927951,0.607230721261023,5.20711016885929e-07,3.9427515562976e-07,1.72271757780912e-06,1.16080729687177e-06,4.19828509545982e-07,3.95999629685333e-06,3.83720500227032e-07,3.08933515306443e-06,3.46748655455841e-05
1.25125411211025e-06,5.36639552267847e-07,1.77756104151208e-06,3.98269668623377e-07,1.18636284466444e-06,3.83983253588893e-07,1.01710722360195e-06,0.000153267515592817,2.8674124182354e-06,3.75018758972366e-07,3.20320384042814e-07,0.00338939286578575,0.90273543659687,2.42570919171938e-06,7.13376403996996e-06,0.0473212124829362,1.72737216656948e-06,0.0463764437636356,2.17147600907954e-06,6.74524514209369e-07
8.86542874384064e-05,0.000380366159160003,2.91924725104808e-06,0.00638284425898861,1.4802847123146e-05,0.000360102347870861,3.04306159581718e-05,1.52551012886511e-06,6.86566306792753e-06,0.972702470534694,0.0199804793954678,9.920046703588e-07,7.9742325739386e-07,2.53200837027732e-06,1.89898932757675e-06,8.9486735991017e-07,5.28533385591754e-06,7.68533527030339e-07,4.64086150191349e-06,3.07291109808443e-05
3.70286449754439e-06,4.34366848829397e-06,2.4000108457009e-07,8.83886390917386e-06,8.33425890047678e-07,0.999930280521333,1.43081301157332e-06,1.59917321598235e-07,5.52943776822795e-07,3.47173471701658e-05,1.22052064052409e-05,1.10781018958116e-07,9.46147403000236e-08,2.14057217804862e-07,1.77559349488625e-07,1.10494768259387e-07,3.84395173595906e-07,8.99249066876955e-08,3.66465697220768e-07,1.1461342397819e-06
6.61298706123892e-05,0.000387955608996805,1.81919998948426e-06,0.0144390498960659,1.053056548977e-05,0.000143015037119965,2.2832966682342e-05,8.97944743551641e-07,4.35860109599342e-06,0.947438696324165,0.0374495081906833,5.68190629426933e-07,4.44172494230757e-07,1.5804822419942e-06,1.14967275851744e-06,4.89256104001008e-07,3.44708850568657e-06,4.29768490473896e-07,2.9115310760955e-06,2.4185632055122e-05
7.86843977957618e-05,2.13693311605968e-05,0.248856516193384,8.72147780031828e-06,0.00045566622929121,3.9900484860077e-06,0.000111221281823438,9.0872345181365e-05,0.00266483684794957,5.72395149930591e-06,5.52426317015188e-06,2.04956434746276e-05,9.42775359876977e-06,0.72409742620945,0.00458520246571375,8.45561359760051e-06,0.00731379593392114,8.9132101838704e-06,0.0116005447710934,5.26120314249424e-05
4.07790948606623e-05,0.000313079261421882,1.28967635301515e-06,0.0507660096969202,7.96486412884305e-06,4.0246227505178e-05,1.65036690419017e-05,5.62138779518265e-07,2.79729821135513e-06,0.0129118391784941,0.935873238841709,3.44655648305738e-07,2.59545084290016e-07,1.11694737315117e-06,7.61442793920485e-07,2.74676783872713e-07,2.50382333080368e-06,2.51629069017158e-07,1.93820257767256e-06,1.82391299130699e-05
1.35931719536987e-05,4.94516244571752e-06,0.165773695506864,2.13240663827478e-06,7.44096827064157e-05,9.36909800080161e-07,1.90288694075821e-05,1.96710507277966e-05,0.000271287432938838,1.37972830358924e-06,1.37636437098761e-06,4.86309369381365e-06,2.26358436015304e-06,0.829669877858612,0.00111310625149018,1.95625938461463e-06,0.00102519649275464,2.15225151037666e-06,0.00198690363654263,1.12242854950718e-05
0.000169685752455172,5.16305670394034e-05,0.00126073776622611,2.89104488578329e-05,0.000282189975692305,1.77585962267618e-05,0.000155358186616273,0.931331377023318,0.00146979819848774,2.20665817955407e-05,2.02706333277958e-05,0.00692152241366741,0.00106289052061407,0.00302853468916674,0.0505327537986949,0.000607087010747574,0.000781540234519068,0.000872922698979685,0.00129090715410611,9.2057749461861e-05
4.46106455584322e-05,1.64466327585635e-05,6.13315411726029e-05,1.1602577889895e-05,4.04100287592303e-05,1.15120902832738e-05,3.43218845749198e-05,0.0060677457804998,0.00011536420836638,1.10824581675921e-05,9.17872567708378e-06,0.0511042238776653,0.326036214184995,8.35146931325451e-05,0.000272646517820616,0.548493315405823,6.01571893657736e-05,0.067423100433526,8.19373686543947e-05,2.12837553096336e-05
2.37869077908447e-06,9.40132377634808e-07,5.4872317561528e-06,6.43116884165566e-07,2.72047470416443e-06,4.97580839732384e-07,2.02615534616609e-06,0.00796652969689745,8.00244740895861e-06,5.49262777371748e-07,4.9172400161377e-07,0.984184934541238,0.0045661348585912,8.70864748031934e-06,3.86585880957839e-05,0.000569310981775549,4.7159679294881e-06,0.00262970193326027,6.24180120578208e-06,1.32616665130657e-06
5.43554953502829e-05,1.08315624398049e-05,0.000654209488317162,3.41444480272582e-06,0.00282499324892244,1.13852214192946e-06,0.000157531070591738,7.32272355834686e-06,0.00137787620599296,1.93171588821477e-06,1.9286773657227e-06,2.25038743286206e-06,1.19337477072162e-06,0.000343644512694174,6.24083947043361e-05,1.15320188518727e-06,0.993031456846683,1.17154731669122e-06,0.00141550753459534,4.56810445459874e-05
0.000172627967498267,0.00285761768407599,5.34446610487929e-06,0.690910988136195,3.28545800246853e-05,0.000194250598080436,6.93469560153388e-05,2.38683054848552e-06,1.17092827667714e-05,0.137278263124545,0.168342462412161,1.50408208397882e-06,1.15936442111043e-06,4.59516754057123e-06,3.19171039270715e-06,1.25469853920243e-06,1.03828427961284e-05,1.13319287564594e-06,8.42710254151633e-06,9.04998007942654e-05
3.13741123972281e-05,0.000861145939099892,9.76464945270643e-07,0.955945556800078,6.76768358700032e-06,1.80662124391272e-05,1.46592794920992e-05,3.86368968808539e-07,2.06141877535481e-06,0.00370140811124066,0.0393913062544405,2.36371871101762e-07,1.77844099621084e-07,8.35854233206724e-07,5.4925261798412e-07,1.88683234898566e-07,1.97115466544988e-06,1.74475248316424e-07,1.50930678997179e-06,2.06484117755116e-05
4.09197703093376e-06,1.58831019966023e-06,8.78552485877345e-06,1.0795797470585e-06,4.46807590141715e-06,8.49860951150054e-07,3.38229238264659e-06,0.0116363625852574,1.33751321893074e-05,9.31454261685655e-07,8.23539071277702e-07,0.977660830862042,0.00634798197085307,1.39183552779501e-05,6.31682030323558e-05,0.000977533580900425,7.75785939805499e-06,0.00324053693696775,1.03187973584947e-05,2.21510231838742e-06
6.26828787523809e-07,2.6895117861365e-07,9.68555704684355e-07,1.95953263024253e-07,6.14882095351378e-07,1.82140206633897e-07,5.16183059981607e-07,0.000105630867371428,1.52169272611448e-06,1.8187606904598e-07,1.56445086142896e-07,0.0033927232916191,0.960137232408105,1.34499223928289e-06,4.14747830079469e-06,0.0100615761091722,9.26529440969713e-07,0.026289659191206,1.18037249840099e-06,3.45251869237265e-07
5.81450157456776e-06,1.62436017602475e-06,0.00068343149349181,7.6533538555605e-07,1.78561838334968e-05,4.29599719552783e-07,6.42785632572725e-06,8.60026432323678e-05,0.000155861562980997,5.57407271873779e-07,5.14863125767912e-07,1.08429746833041e-05,3.81841555093371e-06,0.0033871341630006,0.995093054681674,3.08328656385196e-06,0.000111575528845096,3.42873530231795e-06,0.00042428477177221,3.49163549053162e-06
4.81849384959301e-07,2.05978841742202e-07,7.306384394041e-07,1.48012590960854e-07,4.80239062487484e-07,1.31925358166517e-07,4.03261651900283e-07,7.57460071695639e-05,1.16013068682633e-06,1.34020945419856e-07,1.16551953862858e-07,0.00187397499424928,0.0115156498714051,1.01499863850389e-06,3.00788615403518e-06,0.00319564863647265,7.20703197518129e-07,0.983329090330134,8.87259482963086e-07,2.66704180240398e-07
0.000103902071493638,0.000395647057785263,3.99349652409257e-06,0.00763047171389783,1.95609975388806e-05,0.00121464819445583,3.82396233971612e-05,2.00195668914697e-06,8.72983062148394e-06,0.934492790934619,0.0560280809790144,1.29633106545946e-06,1.02707192780359e-06,3.48704935810011e-06,2.54456504610756e-06,1.12286459886173e-06,7.11562948818775e-06,9.87849910987692e-07,6.02024281769771e-06,3.83315397497042e-05
0.000903625981059173,0.000107351497653344,0.000116169352087403,2.337631061963e-05,0.981364423132027,5.19762869972536e-06,0.0142223519302087,6.86107264981264e-06,0.00065203391379339,1.13876402491636e-05,1.12709784639745e-05,2.61092034805489e-06,1.56904303661389e-06,6.79747514981919e-05,2.4989780478713e-05,1.63712464130064e-06,0.00137197931428129,1.5507239917864e-06,0.000378153074880541,0.000725485829332082
8.00262545063126e-05,0.998958432538081,1.73923370578116e-06,0.00051212022285849,2.33630459630568e-05,5.60924348453764e-06,5.27079343403219e-05,4.24375059626925e-07,4.26609090466641e-06,6.97676205305578e-05,8.55746208381191e-05,2.26381018991967e-07,1.58467708023005e-07,1.36672595768589e-06,7.71919165613927e-07,1.68971565681375e-07,4.52439591531671e-06,1.56926878112448e-07,3.34805845575908e-06,0.000195246973062014
4.23416714613326e-05,1.26772525261087e-05,0.921976143039114,4.69179690473532e-06,0.00031656844543383,1.98278268798152e-06,6.42499133458231e-05,2.89474021605135e-05,0.00136754711501643,2.95932450795701e-06,2.88708126926982e-06,7.50766292398372e-06,3.65201442857964e-06,0.0319799966053581,0.000911117947990999,3.36661035678512e-06,0.00547026344085557,3.53193624339825e-06,0.0377654570834107,3.41108740042253e-05
6.67878477928365e-05,7.10973131625444e-06,0.000195352133438658,2.56867982050693e-06,0.000320995128044259,1.16293318756861e-06,8.48190109320205e-05,1.16777340401918e-05,0.997357396834281,1.72771726989035e-06,1.535402794504e-06,3.02357302939005e-06,1.53092805515288e-06,0.000159192722095291,7.2246348902786e-05,1.56622464433279e-06,0.00112632572707037,1.48808831405619e-06,0.000561888048774431,2.16051861962508e-05
1.84739292429373e-05,5.73350787856054e-06,7.4488757751923e-05,3.49065292340168e-06,2.40478450718069e-05,2.55687155634931e-06,1.55117438279199e-05,0.99015114750999,0.000111022771898299,2.89452176434294e-06,2.56407786356836e-06,0.00644717427274735,0.000596758554112661,0.000140630970415456,0.00154815586329628,0.000286944202362247,5.25037472466856e-05,0.000419209430147403,8.75160686317742e-05,9.17470127102075e-06
3.84645108107514e-06,1.54023193201488e-06,5.96684976449109e-06,1.11158419162138e-06,3.72522385244425e-06,1.03607338058497e-06,3.09369913185355e-06,0.00104199819326755,9.86172057834457e-06,1.03176459151875e-06,8.80778620731708e-07,0.0372933613544238,0.917618574929209,8.41044731037818e-06,2.82588081994296e-05,0.0209643384907231,5.64585689884149e-06,0.0229979535624723,7.35695757155598e-06,2.00702279907816e-06
1.43699711770125e-05,4.47068933711732e-06,0.956880201314496,1.81699053886467e-06,0.000103325737164236,7.64269009139745e-07,2.23522368207921e-05,1.35129599587651e-05,0.00036581371533558,1.13982302381998e-06,1.13832027569763e-06,3.44300722492727e-06,1.62767136135122e-06,0.0368591932625767,0.000440850514067054,1.44279312342812e-06,0.00213522067836241,1.55529977199968e-06,0.00313657887772108,1.11818686543927e-05
8.99044361094691e-06,2.76681617861723e-06,0.000298606432906255,1.42522364252508e-06,2.03205292495954e-05,8.66336398473194e-07,9.05886441851765e-06,0.00118881913384859,0.000139694475622188,1.07341961556449e-06,9.90085184536461e-07,7.65424149263651e-05,1.99303553323358e-05,0.00108906893485092,0.996813141064848,1.37583585685957e-05,8.70104784200611e-05,1.69380788472315e-05,0.00020563388805542,5.36466547514194e-06
3.79179292358068e-06,1.43289129126878e-06,8.1482936359616e-06,9.91066455297634e-07,4.10128209142385e-06,8.0665388695636e-07,3.11391900594249e-06,0.0149892904876475,1.26596964019584e-05,8.7009684509976e-07,7.6511549092545e-07,0.972864658265178,0.00703889622258583,1.25109576398907e-05,5.62085940248326e-05,0.00115492735229477,6.95426781998065e-06,0.00382821137277538,9.65508226330627e-06,2.0065897419161e-06
0.00273727947684704,0.000246393527957816,1.82609920966992e-05,4.87802733621166e-05,0.00393618970840039,6.0238043300967e-06,0.991610919341928,2.60645342283187e-06,9.1206504304616e-05,1.8760091710418e-05,1.96471652218435e-05,1.15762563149401e-06,7.51776913329625e-07,1.29294054381066e-05,6.11503830344862e-06,7.96898528835688e-07,0.000102595966514559,7.4546130288394e-07,4.35960454577524e-05,0.00109524444232748
1.463906990244e-05,5.0748560757291e-06,0.203006566423023,2.14567975623543e-06,7.94305223450014e-05,9.51713458356105e-07,2.00128311381143e-05,2.03527440334488e-05,0.000324832302242561,1.3914503167659e-06,1.37586044708894e-06,4.91631337377125e-06,2.26989742105264e-06,0.791314715322532,0.00128567333387663,1.96615012792305e-06,0.00116462594115549,2.15110565256753e-06,0.00273526707321732,1.16414099051505e-05
1.0332440248559e-06,4.38000559714977e-07,1.54225262033505e-06,3.2092018912236e-07,9.95421465025402e-07,3.00040325167033e-07,8.4534911523645e-07,0.000170879882802875,2.46244260871177e-06,2.98412242479877e-07,2.56361577517085e-07,0.00542442254846533,0.916277534723539,2.14254795050974e-06,6.50163594628273e-06,0.0143331528398259,1.48100477213492e-06,0.0637729585593806,1.8751821161838e-06,5.58630472731305e-07
1.96534001235504e-05,2.09115759884806e-05,1.21716170163349e-06,4.10583882208548e-05,4.23923591520874e-06,0.999664402061218,7.34459558493523e-06,8.38262095084848e-07,2.91949091935231e-06,0.000167212327599075,5.64773271000283e-05,5.80974386718701e-07,4.99094980262792e-07,1.08698032416556e-06,9.17766302345098e-07,5.88346093332761e-07,1.9495007082488e-06,4.74053524204347e-07,1.88881578370906e-06,5.74064143068954e-06
0.00359629271459198,0.000959958386986197,0.000400322264679644,0.000158045086529349,0.93402177143758,2.31180749579105e-05,0.0453405184234736,2.27847331492346e-05,0.0012708553741089,6.25124122469569e-05,6.73523873609972e-05,9.0579602859781e-06,5.47054215335125e-06,0.000239950808434045,8.0623470066537e-05,5.5587833127044e-06,0.0039553419607837,5.39609305321008e-06,0.00110537890049986,0.00866969018574579
0.00149238758652244,0.000202102961978422,0.00231309764332961,5.9345439023545e-05,0.823630251590093,1.64626315930668e-05,0.00722673205858941,5.10670331826621e-05,0.0120389329391422,3.07341908531237e-05,3.15764978360498e-05,1.72923998516696e-05,9.63692721778281e-06,0.00123781797807431,0.000295634524746031,9.5415885161623e-06,0.144545585961467,9.50152582010478e-06,0.00570427010552113,0.00107802841664247
4.88295888358541e-05,1.02031345688846e-05,0.00210157632198512,3.48342020411756e-06,0.00103214685369541,1.34137489208642e-06,0.000107379211093992,1.35307389194964e-05,0.0034350784457239,2.09435365381566e-06,2.04766199242608e-06,3.80085129932242e-06,1.94183426139503e-06,0.00122527904969133,0.000161571561351876,1.86115876087523e-06,0.989180241145848,1.91029148148164e-06,0.00262950699409478,3.61760076460837e-05
4.39958225005512e-06,1.80722786532114e-06,5.90684669421178e-06,1.31321597354693e-06,4.10468326056866e-06,1.26115111300562e-06,3.55072179336161e-06,0.000455721546399279,1.01561877116756e-05,1.23385076194489e-06,1.04771767861186e-06,0.00633253605575366,0.111469820222968,7.90315502364202e-06,2.28118843120874e-05,0.200435542903674,5.86770513959328e-06,0.681225222846156,7.48506965155827e-06,2.30742581982474e-06
3.93519468720921e-06,1.52138244165722e-06,9.54044539588138e-06,1.03108050756845e-06,4.44949155252088e-06,8.27691536050828e-07,3.31073278306986e-06,0.0143914747643402,1.37918964208267e-05,8.94545421939962e-07,7.90020192104589e-07,0.973203891573627,0.00776356776435088,1.53395932075578e-05,7.29440875252052e-05,0.00107337657680919,7.99121349103679e-06,0.00341834812902961,1.08275587640528e-05,2.14625791659195e-06
0.00698976253516648,0.000172818291575464,5.35129622360412e-05,4.45398537563941e-05,0.0183581734088836,8.93487895464141e-06,0.972320368810594,7.18846984547053e-06,0.000406408582630377,2.09253456950395e-05,2.06988349287006e-05,3.03443884176774e-06,1.92627617978518e-06,3.79205070575451e-05,1.85271622025959e-05,2.06675710497925e-06,0.000398341311264836,1.92682714613319e-06,0.00014121165799989,0.000991713087936334
5.78459589047491e-06,1.99445428742036e-06,0.0116546587888324,8.71704103947667e-07,2.87378061785643e-05,3.96161812430975e-07,7.87503032383259e-06,1.51562295791743e-05,0.00012918058641003,5.70982494542857e-07,5.63631090050851e-07,3.24711832773521e-06,1.40002302910021e-06,0.985558452224703,0.00163808050714748,1.17002875854392e-06,0.000362626491958239,1.32410582195187e-06,0.000583294679648919,4.61484960212918e-06
0.000128526148028701,2.89225091994415e-05,0.00176652886368531,8.97594304787924e-06,0.00574759437345553,2.70489112812312e-06,0.000361024204259738,1.42184672037614e-05,0.00201343487998298,4.81466745730409e-06,4.93616675384385e-06,4.49113666759865e-06,2.38466627131528e-06,0.000741502683718403,0.000112450143089201,2.27537913150631e-06,0.986525091810174,2.33245937289187e-06,0.00241292989349064,0.000114860713881902
1.36082025934557e-05,0.000100229831776808,4.76380103773182e-07,0.0117771164012768,2.72441222692872e-06,2.49926040782006e-05,5.64154432151822e-06,2.16093362073609e-07,1.01541406442543e-06,0.0194765533842783,0.968588483234571,1.37557437131665e-07,1.0683598118395e-07,4.11905995866377e-07,2.86284849152727e-07,1.1487489077035e-07,9.00303122273524e-07,1.03836076595567e-07,7.13578235067662e-07,6.16732075886023e-06
1.1002860465528e-06,4.71629593407315e-07,1.76791506336954e-06,3.36748215777234e-07,1.12680451306867e-06,2.95157170955213e-07,9.27839767938679e-07,0.000210028921547464,2.81087830498021e-06,3.03890772117537e-07,2.64721029726379e-07,0.00631347062949621,0.0777158518787208,2.49121552466178e-06,7.57400203706913e-06,0.0107957503648798,1.73328568201242e-06,0.904940945678745,2.13137556716165e-06,6.16777321794645e-07
0.000237151157078036,5.50082139950016e-05,0.0702681366514003,1.98552749236841e-05,0.00366206549627838,7.8044713951255e-06,0.000481471709822819,0.000105995612784018,0.01536001224914,1.21286073833422e-05,1.19045964268341e-05,2.8312606284899e-05,1.42075484030476e-05,0.0276133549166609,0.00187611488651998,1.32974822928695e-05,0.846520204095994,1.38151432463366e-05,0.033522217000614,0.000176942279356801
1.08944456315798e-05,8.13622135864921e-05,4.04828771868536e-07,0.0106452991674358,2.28334058065938e-06,1.98593366851508e-05,4.58691414874542e-06,1.86452595428425e-07,8.52404240224507e-07,0.0101629897330895,0.979063779967817,1.182431989825e-07,9.10245318930736e-08,3.53150050912027e-07,2.46284670822312e-07,9.70669032880318e-08,7.61682385846239e-07,8.83161701685125e-08,6.01833875674967e-07,5.14359363006666e-06
7.67237452694387e-05,0.000520530119091977,2.2809719206134e-06,0.048730226934831,1.34730083434287e-05,0.000131912804257044,2.84043212657801e-05,1.05016658879016e-06,5.15211024090946e-06,0.182588072537361,0.76785820341917,6.58556928397038e-07,5.07348090614044e-07,1.97353561279584e-06,1.38376979852062e-06,5.47445792583498e-07,4.36345118946666e-06,4.90975456482069e-07,3.49665852836659e-06,3.05481202627894e-05
5.8182085651312e-05,1.74025803596396e-05,0.166021763253367,7.29493511959171e-06,0.000283482703462878,3.47533281179976e-06,7.5124371613572e-05,0.000147634790881048,0.00191779934932415,4.86371251866049e-06,4.67930447107933e-06,2.9765636396993e-05,1.26885149222292e-05,0.791751771930572,0.0186281522142056,1.09766099122096e-05,0.00348345513284962,1.19674561228247e-05,0.0174881258581165,4.13942273213014e-05
1.40574436425696e-06,5.6185247769511e-07,1.74103630827871e-06,4.09849914173813e-07,1.24090351087009e-06,4.3820915955994e-07,1.09327548498018e-06,8.9489845608518e-05,3.15198332697638e-06,4.02441435702962e-07,3.31776989700411e-07,0.000647456681485608,0.00704036612749517,2.27405056459807e-06,6.3363106028099e-06,0.987131125020208,1.75455725155997e-06,0.00506744232041889,2.28057965592243e-06,6.97433737239625e-07
2.72500765699815e-06,1.07469408360941e-06,5.57367815640521e-06,7.43964930624596e-07,2.9501413913537e-06,6.15683108621298e-07,2.26923614769952e-06,0.00393763365937887,8.4728430094692e-06,6.52601181641889e-07,5.74173569776119e-07,0.971126000117914,0.0194187899972673,8.52416428677907e-06,3.50523049822528e-05,0.00140309319148631,4.98997327411573e-06,0.00403224694334311,6.53440065054943e-06,1.48322418083245e-06
0.000820199832019027,0.000161612829674722,0.0146952341877474,4.83100518389464e-05,0.0217256698699607,1.73085272071157e-05,0.00185598126684699,9.69594983219126e-05,0.0238861418667119,2.86975090516772e-05,2.74450846882893e-05,2.89122009366917e-05,1.55701111061945e-05,0.00545611391092834,0.000901954540595903,1.55554331932808e-05,0.874466556253996,1.51011776518199e-05,0.0551250972080637,0.000611578639459795
0.000120251756762884,0.00129447273485171,3.44450154359263e-06,0.507084334615354,2.15641698963368e-05,0.000121160461189199,4.68814974594311e-05,1.59814703573106e-06,7.7650283739652e-06,0.102207570805484,0.389016239924998,1.00043418358575e-06,7.67774263185553e-07,2.97182624448061e-06,2.09400589836485e-06,8.27167993090345e-07,6.65699719616871e-06,7.47100233902489e-07,5.39864989988451e-06,5.42524011384882e-05
0.00317630879940755,0.979378802468037,6.27958230073648e-05,0.00318658072790213,0.00100772869742633,9.93459057288037e-05,0.00213757497593031,1.27800526487528e-05,0.000171008762361365,0.00074685375254615,0.000779849927255122,6.359393704948e-06,4.32589417159864e-06,4.7063604207812e-05,2.57157822453765e-05,4.64999936919109e-06,0.000169967959030926,4.2817301105642e-06,0.000141961849763472,0.00883604389514512
2.57081000160029e-05,7.78689038719464e-06,0.941410681635521,2.98944284057088e-06,0.00019423477666209,1.34956528950762e-06,3.99821863719454e-05,2.37813146480459e-05,0.000793265468638298,1.94316609200088e-06,1.88445159942932e-06,5.82484112632799e-06,2.80310538615895e-06,0.0314946879850165,0.000897261133257929,2.54357977482511e-06,0.00331776987636145,2.64936675207492e-06,0.0217524821963718,2.037091788715e-05
8.79241320581243e-05,2.08264087861026e-05,0.0034022966381542,5.86851168333781e-06,0.000888997821118042,2.21652027563958e-06,0.000149654935340062,1.89996690303794e-05,0.00228693616103626,3.58465591013534e-06,3.34486506612103e-06,5.18926449248431e-06,2.63640654640564e-06,0.00117215754766357,0.000234018966137671,2.59655808286227e-06,0.00499228865531574,2.56400398738874e-06,0.98664668898803,7.12092912852159e-05
7.83178994250407e-07,3.34811067017572e-07,1.30700728561758e-06,2.44370988708687e-07,7.97194900473277e-07,2.2238871450017e-07,6.58057321877424e-07,0.000189331654426025,1.98394009254672e-06,2.2413299260762e-07,1.94907462367882e-07,0.0102640416354767,0.950650696846711,1.84519909686171e-06,5.8647556477e-06,0.00527987589924308,1.22445743283118e-06,0.0335983953013096,1.53640076259829e-06,4.3786007324582e-07
0.000113397502432229,2.38605031450612e-05,0.00111000718693573,7.49074369046564e-06,0.0089935820728597,2.29204067233717e-06,0.000378327286981768,1.3720329781188e-05,0.00224558955003754,4.09120501209999e-06,4.17062190122534e-06,4.37027900388706e-06,2.33458373511457e-06,0.000588855580537463,0.000108586400504664,2.24687739859606e-06,0.984166748111732,2.3118086432295e-06,0.00212368489084312,0.000104332424152058
3.0528989728331e-05,9.33653137015141e-06,0.877438116910806,3.58668252127769e-06,0.000209318860028516,1.52538081515708e-06,4.59448002644487e-05,2.83526680884813e-05,0.000841576066063607,2.26292287897721e-06,2.21856822058071e-06,7.02711913159977e-06,3.29181844665685e-06,0.102596835223015,0.00114841429491853,2.96188801277988e-06,0.0038159748125629,3.18968697621524e-06,0.0137850075868946,2.45291892556559e-05
5.28434858094146e-05,0.000682018425685326,1.59528254597293e-06,0.591921426989298,1.02147732984563e-05,3.92831018119014e-05,2.18921750694834e-05,6.82096616592397e-07,3.4577981424769e-06,0.0126910534628786,0.394539659492168,4.22010874516098e-07,3.19168228325462e-07,1.36895620215889e-06,9.26082061100144e-07,3.3906579282671e-07,3.12449393306937e-06,3.11190613798402e-07,2.43929150423381e-06,2.66226574656968e-05
3.44645349015027e-05,0.00113026730894159,9.41850510528133e-07,0.981439240042545,6.92326488069628e-06,1.54224006257706e-05,1.53384102319134e-05,3.68550113606909e-07,2.06788376902439e-06,0.00265205170730226,0.0146753645459469,2.22697550983559e-07,1.66009829041896e-07,7.98119159246412e-07,5.24353351291061e-07,1.76067268476558e-07,1.94138681032034e-06,1.62446560380259e-07,1.48694289130098e-06,2.20714768100734e-05
4.39918436254907e-05,0.00043649260007007,1.64563151311273e-06,0.0709214605101468,9.06121766219517e-06,8.15303686365766e-05,1.81840510261798e-05,7.61916682915245e-07,3.46626158107499e-06,0.128804743921137,0.799647137825494,4.88984207345173e-07,3.81314586426702e-07,1.42377384042226e-06,1.00208934888644e-06,4.11671238798337e-07,3.06343505894709e-06,3.71015990347284e-07,2.51211441556595e-06,2.1869453738798e-05
0.995682214037217,0.000631955388344119,2.74162963776993e-05,0.000256251774056112,0.00048941450867249,4.57892041022097e-05,0.0016691470729627,7.75991537428547e-06,0.000160419178043027,0.000150912115520411,0.000120090709398424,3.54145718522909e-06,2.33968377426003e-06,2.18360008763675e-05,1.37799443058934e-05,2.59501210503339e-06,8.15468663872374e-05,2.26788493447701e-06,6.16351367079769e-05,0.000569087813655081
3.6469197931023e-05,0.000240410794244632,1.25401419016158e-06,0.0199308794714747,6.83073760359555e-06,8.51212544180585e-05,1.39692866090134e-05,5.8879626328958e-07,2.71206122936478e-06,0.101442471998185,0.87821665407586,3.73678683413357e-07,2.89202657887448e-07,1.08581531302165e-06,7.666393935273e-07,3.11285340577123e-07,2.31247288804118e-06,2.79822309549979e-07,1.89480891092728e-06,1.53245864947152e-05
3.25578820125979e-06,1.36640065510079e-06,5.30302195264452e-06,9.99534757211277e-07,3.25779499479183e-06,8.74146484002685e-07,2.6697616284439e-06,0.0010940931285971,8.21871391561673e-06,9.04782984711886e-07,7.9006090444424e-07,0.0787160699908621,0.890076984557929,7.60397428452813e-06,2.5310347404387e-05,0.0077936906858031,4.99858065358659e-06,0.0222455509697235,6.27531973572365e-06,1.78243852884186e-06
1.1176025637592e-05,0.000104150787541521,4.05924937858698e-07,0.0211039558300634,2.36705920822988e-06,1.57964965751929e-05,4.77199931616518e-06,1.78724490971631e-07,8.52014571911139e-07,0.010056604143982,0.968691845068304,1.13119395368745e-07,8.69679928612294e-08,3.50438974065955e-07,2.39767270504179e-07,9.27210736076018e-08,7.76070365977193e-07,8.45630019729605e-08,6.07661350251926e-07,5.54461594661219e-06
1.36604189029583e-06,5.91213609039265e-07,2.34674184144017e-06,4.19717254258614e-07,1.43043088486414e-06,3.56692066981309e-07,1.16800197408117e-06,0.000324063011748332,3.53628270102644e-06,3.73428195248553e-07,3.28650717364453e-07,0.0131554689643971,0.0608781584315456,3.35000906766398e-06,1.05463969654934e-05,0.00549207787104306,2.22522317136731e-06,0.920118629878035,2.78019289506012e-06,7.82819996392123e-07
1.60841315144923e-05,1.84216714964999e-05,8.83357073683872e-07,3.67947258639852e-05,3.35965416536853e-06,0.999708020148227,5.93288536430587e-06,5.61696901083943e-07,2.14325978118857e-06,0.000147808608001297,4.96504411585686e-05,3.79629063369829e-07,3.19976479133662e-07,7.82425860529646e-07,6.41124904161902e-07,3.73135648232452e-07,1.46580925853362e-06,3.04611940132016e-07,1.38455291858358e-06,4.68815437918385e-06
3.99447009382094e-05,0.000227610225659317,1.56001955481053e-06,0.0145723855664573,8.03259084973324e-06,0.000130694329819798,1.57713860798175e-05,7.53856450528142e-07,3.31578108891142e-06,0.164846645316514,0.820127179949457,4.85459165430263e-07,3.78952962088736e-07,1.36493830715226e-06,9.70646708519024e-07,4.08001762827944e-07,2.83345761097301e-06,3.66625487695676e-07,2.31617935957577e-06,1.69820157657984e-05
1.56859988108925e-05,4.66018524941287e-06,0.967816062276588,1.8651297339815e-06,0.000106680121528075,8.06515415206982e-07,2.32132089215025e-05,1.38346612997721e-05,0.000440760750386036,1.19527132504922e-06,1.17335426964304e-06,3.4394239373491e-06,1.63083455504301e-06,0.0225130959447256,0.00049280435971165,1.45981209810652e-06,0.00158989878869339,1.5431676413224e-06,0.0069585631670691,1.16270280413134e-05
6.02987873574491e-07,2.47091397458861e-07,7.82784035138968e-07,1.78982571939014e-07,5.54033900889838e-07,1.80761436186332e-07,4.81455547257171e-07,4.26273893441435e-05,1.38262262570437e-06,1.72096722189478e-07,1.43771263650223e-07,0.000400565357981084,0.00646663839359742,1.03327765697271e-06,2.8637569827142e-06,0.986374042490214,7.99264610038756e-07,0.00670537747542651,1.01490836963636e-06,3.11098444054446e-07
0.000113907335811117,3.31301019160708e-05,0.0400151414828674,1.45448782658914e-05,0.000424153793340157,7.20297952153048e-06,0.000135878218784784,0.000633742155423593,0.00318394953700002,9.89679152401656e-06,9.40400070021583e-06,0.000102053456871714,3.90448775373299e-05,0.83593754399371,0.105695115413317,3.2286106787191e-05,0.00382815294020865,3.64426677061298e-05,0.00967324130472481,7.51679639822718e-05
9.40502857579796e-06,3.24498481390402e-06,2.64802888669968e-05,2.09685754636938e-06,1.10618758624236e-05,1.64788819307671e-06,7.79351943992299e-06,0.949552145819013,4.23164635855287e-05,1.79545370103735e-06,1.57779855184561e-06,0.0459685397795295,0.00198434015760723,4.3555671378327e-05,0.000259220250289952,0.000699129692320923,2.11130901022951e-05,0.00132809577493523,3.15973410346314e-05,4.84226465162802e-06
6.95188159537541e-07,2.83920239575688e-07,8.55890733882871e-07,2.0563128951387e-07,6.28322470343692e-07,2.05178072404977e-07,5.52011840200376e-07,4.95222100293854e-05,1.53289102350426e-06,1.96022739190416e-07,1.64414022887547e-07,0.000489959630687656,0.00742831900036819,1.1387871194064e-06,3.13577752052442e-06,0.98188802194052,8.78145158064307e-07,0.010132236780474,1.1113641608649e-06,3.56893370782685e-07
